# length of the axis in voxel space in meters
x_range : [0.0,0.3]
y_range : [0.0,0.3]
z_range : [0.0,0.3]

# voxel size of each axis in meters.
# voxel_size : [0.0075,0.0075,0.0075]
voxel_size : [0.003,0.003,0.003]

# Camera intrinsic parameters. 3×3 matrix
K : [[540, 0.0, 320],
     [0.0, 540, 240],
     [0.0, 0.0, 1.0]]

focal_length : 0.00188

table_height : 0.05

# number of input images
num_images : 6

# extrinsic of each image. 3×4 matrix
extrinsic1 : [[ 0.,          0.8660254,  -0.5      ,   0.45      ],
              [ 1.,          0.       ,   0.       ,   0.15      ],
              [-0.,         -0.5      ,  -0.8660254,   0.51961524],
              [ 0.,          0.       ,   0.       ,   1.        ]]

extrinsic2 : [[-0.8660254,   0.4330127,  -0.25     ,   0.3       ],
              [ 0.5      ,   0.75     ,  -0.4330127,   0.40980762],
              [-0.       ,  -0.5      ,  -0.8660254,   0.51961524],
              [ 0.       ,   0.       ,   0.       ,   1.        ]]

extrinsic3 : [[-8.66025404e-01, -4.33012702e-01,  2.50000000e-01,  6.40987562e-17],
              [-5.00000000e-01,  7.50000000e-01, -4.33012702e-01,  4.09807621e-01],
              [-0.00000000e+00, -5.00000000e-01, -8.66025404e-01,  5.19615242e-01],
              [ 0.00000000e+00,  0.00000000e+00,  0.00000000e+00,  1.00000000e+00]]

extrinsic4 : [[-1.23903710e-16, -8.66025404e-01,  5.00000000e-01, -1.50000000e-01],
              [-1.00000000e+00,  1.23903710e-16, -7.43708407e-18,  1.50000000e-01],
              [-7.43708407e-18, -5.00000000e-01, -8.66025404e-01,  5.19615242e-01],
              [ 0.00000000e+00,  0.00000000e+00,  0.00000000e+00,  1.00000000e+00]]

extrinsic5 : [[ 8.66025404e-01, -4.33012702e-01,  2.50000000e-01, -1.04160479e-16],
              [-5.00000000e-01, -7.50000000e-01,  4.33012702e-01, -1.09807621e-01],
              [ 4.80740672e-17, -5.00000000e-01, -8.66025404e-01,  5.19615242e-01],
              [ 0.00000000e+00,  0.00000000e+00,  0.00000000e+00,  1.00000000e+00]]

extrinsic6 : [[ 0.8660254,   0.4330127,  -0.25     ,   0.3       ],
              [ 0.5      ,  -0.75     ,   0.4330127,  -0.10980762],
              [-0.       ,  -0.5      ,  -0.8660254,   0.51961524],
              [ 0.       ,   0.       ,   0.       ,   1.        ]]















